,,02,00,324,*7D
$GPGSV,3,3,12,07,33,046,,28,00,227,,17,00,223,,15,00,091,*7B
$GPGSA,M,1,,,,,,,,,,,,,0.0,0.0,0.0*3C
$GPRMC,231715.00,V,0611.028059,N,07524.732445,W,000.0,0.0,290906,-2.4,W*64
$GPGGA,,,,,,0,,,,M,,M,,*66
$GPGLL,,,,,,*50
$GPVTG,0.0,T,,,000.0,N,000.0,K*2D
$GPGSV,3,1,12,01,54,127,,18,00,115,,26,00,183,,29,00,231,*75
$GPGSV,3,2,12,05,00,110,,20,31,258,,22,00,139,,02,00,324,*7D
$GPGSV,3,3,12,07,33,046,,28,00,227,,17,00,223,,15,00,091,*7B
$GPGSA,M,1,,,,,,,,,,,,,0.0,0.0,0.0*3C
$GPRMC,231715.00,V,0611.028059,N,07524.732445,W,000.0,0.0,290906,-2.4,W*64
$GPGGA,,,,,,0,,,,M,,M,,*66
$GPGLL,,,,,,*50
$GPVTG,0.0,T,,,000.0,N,000.0,K*2D
$GPGSV,3,1,12,01,54,127,,18,00,115,,26,00,183,,29,00,231,*75
$GPGSV,3,2,12,05,00,110,,20,31,258,,22,00,139,,02,00,324,*7D
$GPGSV,3,3,12,07,33,046,,28,00,227,,17,00,223,,15,00,091,*7B
$GPGSA,M,1,,,,,,,,,,,,,0.0,0.0,0.0*3C
$GPRMC,231715.00,V,0611.028059,N,07524.732445,W,000.0,0.0,290906,-2.4,W*64
$GPGGA,,,,,,0,,,,M,,M,,*66
$GPGLL,,,,,,*50
$GPVTG,0.0,T,,,000.0,N,000.0,K*2D
$GPGSV,3,1,12,01,54,127,,18,00,115,,26,00,183,,29,00,231,*75
$GPGSV,3,2,12,05,00,110,,20,31,258,,22,00,139,,02,00,324,*7D
$GPGSV,3,3,12,07,33,046,,28,00,227,,17,00,223,,15,00,091,*7B
$GPGSA,M,1,,,,,,,,,,,,,0.0,0.0,0.0*3C
$GPRMC,231715.00,V,0611.028059,N,07524.732445,W,000.0,0.0,290906,-2.4,W*64
$GPGGA,,,,,,0,,,,M,,M,,*66
$GPGLL,,,,,,*50
$GPVTG,0.0,T,,,000.0,N,000.0,K*2D
$GPGSV,3,1,12,01,54,127,,18,00,115,,26,00,183,,29,00,231,*75
$GPGSV,3,2,12,05,00,110,,20,31,258,,22,00,139,,02,00,324,*7D
$GPGSV,3,3,12,07,33,046,,28,00,227,,17,00,223,,15,00,091,*7B
$GPGSA,M,1,,,,,,,,,,,,,0.0,0.0,0.0*3C
$GPRMC,231715.00,V,0611.028059,N,07524.732445,W,000.0,0.0,290906,-2.4,W*64
$GPGGA,,,,,,0,,,,M,,M,,*66
$GPGLL,,,,,,*50
$GPVTG,0.0,T,,,000.0,N,000.0,K*2D
$GPGSV,3,1,12,01,54,127,,18,00,115,,26,00,183,,29,00,231,*75
$GPGSV,3,2,12,05,00,110,,20,31,258,,22,00,139,,02,00,324,*7D
$GPGSV,3,3,12,07,33,046,,28,00,227,,17,00,223,,15,00,091,*7B
$GPGSA,M,1,,,,,,,,,,,,,0.0,0.0,0.0*3C
$GPRMC,231715.00,V,0611.028059,N,07524.732445,W,000.0,0.0,290906,-2.