059,N,07524.732445,W,000.0,0.0,290906,-2.4,W*64
$GPGGA,,,,,,0,,,,M,,M,,*66
$GPGLL,,,,,,*50
$GPVTG,0.0,T,,,000.0,N,000.0,K*2D
$GPGSV,3,1,12,01,54,128,46,18,00,115,,26,00,184,,29,00,235,*7B
$GPGSV,3,2,12,05,00,111,,20,31,257,42,22,00,138,,02,00,324,*74
$GPGSV,3,3,12,07,33,046,43,28,00,228,,17,00,222,,15,00,091,*72
$GPGSA,M,1,,,,,,,,,,,,,0.0,0.0,0.0*3C
$GPRMC,231715.00,V,0611.028059,N,07524.732445,W,000.0,0.0,290906,-2.4,W*64
$GPGGA,,,,,,0,,,,M,,M,,*66
$GPGLL,,,,,,*50
$GPVTG,0.0,T,,,000.0,N,000.0,K*2D
$GPGSV,3,1,12,01,54,128,46,18,00,115,,26,00,184,,29,00,235,*7B
$GPGSV,3,2,12,05,00,111,,20,31,257,40,22,00,138,,02,00,324,*76
$GPGSV,3,3,12,07,33,046,42,28,00,228,,17,00,222,,15,00,091,*73
$GPGSA,M,1,,,,,,,,,,,,,0.0,0.0,0.0*3C
$GPRMC,231715.00,V,0611.028059,N,07524.732445,W,000.0,0.0,290906,-2.4,W*64
$GPGGA,,,,,,0,,,,M,,M,,*66
$GPGLL,,,,,,*50
$GPVTG,0.0,T,,,000.0,N,000.0,K*2D
$GPGSV,3,1,12,01,54,128,45,18,00,115,,26,00,184,,29,00,235,*78
$GPGSV,3,2,12,05,00,111,,20,31,257,40,22,00,138,,02,00,324,*76
$GPGSV,3,3,12,07,33,046,42,28,00,228,,17,00,222,,15,00,091,*73
$GPGSA,M,1,,,,,,,,,,,,,0.0,0.0,0.0*3C
$GPRMC,231715.00,V,0611.028059,N,07524.732445,W,000.0,0.0,290906,-2.4,W*64
$GPGGA,,,,,,0,,,,M,,M,,*66
$GPGLL,,,,,,*50
$GPVTG,0.0,T,,,000.0,N,000.0,K*2D
$GPGSV,3,1,12,01,54,128,44,18,00,115,,26,00,184,,29,00,235,*79
$GPGSV,3,2,12,05,00,111,,20,31,257,43,22,00,138,,02,00,324,*75
$GPGSV,3,3,12,07,33,046,43,28,00,228,,17,00,222,,15,00,091,*72
$GPGSA,M,1,,,,,,,,,,,,,0.0,0.0,0.0*3C
$GPRMC,231715.00,V,0611.028059,N,07524.732445,W,000.0,0.0,290906,-2.4,W*64
$GPGGA,,,,,,0,,,,M,,M,,*66
$GPGLL,,,,,,*50
$GPVTG,0.0,T,,,000.0,N,000.0,K*2D
$GPGSV,3,1,12,01,54,128,47,18,00,115,,26,00,184,,29,00,236,*79
$GPGSV,3,2,12,05,00,111,,20,31,257,45,22,00,138,,02,00,324,*73
$GPGSV,3,3,12,07,33,046,41,28,00,228,,17,00,222,,15,00,091,*70
$GPGSA,M,1,,,,,,,,,,,,,0.0,0.0,0.0*3C
$GPRMC,231715.00,V,0611.028059,N,07524.732445,W,000.0,0.0,290906,-2.4,W*64
$GPGGA,,,,,,0,,,,M,,M,,*66
$GPGLL,,,,,,*50
$GPVTG,0.0,T,,,000.0,N,000.0,K*2D
$GPGSV,3,1,12,01,54,128,47,1