091,*73
$GPGSA,M,1,,,,,,,,,,,,,0.0,0.0,0.0*3C
$GPRMC,231715.00,V,0611.028059,N,07524.732445,W,000.0,0.0,290906,-2.4,W*64
$GPGGA,,,,,,0,,,,M,,M,,*66
$GPGLL,,,,,,*50
$GPVTG,0.0,T,,,000.0,N,000.0,K*2D
$GPGSV,3,1,12,01,54,128,45,18,00,115,,26,00,184,,29,00,236,*7B
$GPGSV,3,2,12,05,00,111,,20,31,257,42,22,00,138,,02,00,324,*74
$GPGSV,3,3,12,07,33,046,39,28,00,228,,17,00,222,,15,00,091,*7F
$GPGSA,M,1,,,,,,,,,,,,,0.0,0.0,0.0*3C
$GPRMC,231715.00,V,0611.028059,N,07524.732445,W,000.0,0.0,290906,-2.4,W*64
$GPGGA,,,,,,0,,,,M,,M,,*66
$GPGLL,,,,,,*50
$GPVTG,0.0,T,,,000.0,N,000.0,K*2D
$GPGSV,3,1,12,01,54,128,46,18,00,115,,26,00,184,,29,00,236,*78
$GPGSV,3,2,12,05,00,111,,20,31,257,34,22,00,138,,02,00,324,*75
$GPGSV,3,3,12,07,33,046,,28,00,228,,17,00,222,,15,00,091,*75
$GPGSA,M,1,,,,,,,,,,,,,0.0,0.0,0.0*3C
$GPRMC,231715.00,V,0611.028059,N,07524.732445,W,000.0,0.0,290906,-2.4,W*64
$GPGGA,,,,,,0,,,,M,,M,,*66
$GPGLL,,,,,,*50
$GPVTG,0.0,T,,,000.0,N,000.0,K*2D
$GPGSV,3,1,12,01,54,128,47,18,00,114,,26,00,184,,29,00,236,*78
$GPGSV,3,2,12,05,00,111,,20,31,257,38,22,00,138,,02,00,324,*79
$GPGSV,3,3,12,07,33,046,,28,00,228,,17,00,222,,15,00,091,*75
$GPGSA,M,1,,,,,,,,,,,,,0.0,0.0,0.0*3C
$GPRMC,231715.00,V,0611.028059,N,07524.732445,W,000.0,0.0,290906,-2.4,W*64
$GPGGA,,,,,,0,,,,M,,M,,*66
$GPGLL,,,,,,*50
$GPVTG,0.0,T,,,000.0,N,000.0,K*2D
$GPGSV,3,1,12,01,54,128,47,18,00,114,,26,00,184,,29,00,236,*78
$GPGSV,3,2,12,05,00,111,,20,31,257,35,04,00,287,,02,00,324,*77
$GPGSV,3,3,12,07,33,046,,28,00,228,,17,00,222,,15,00,091,*75
$GPGSA,M,1,,,,,,,,,,,,,0.0,0.0,0.0*3C
$GPRMC,231715.00,V,0611.028059,N,07524.732445,W,000.0,0.0,290906,-2.4,W*64
$GPGGA,,,,,,0,,,,M,,M,,*66
$GPGLL,,,,,,*50
$GPVTG,0.0,T,,,000.0,N,000.0,K*2D
$GPGSV,3,1,12,01,54,128,46,24,00,273,,09,00,159,,19,57,176,*7F
$GPGSV,3,2,12,27,00,296,,20,31,257,31,04,00,287,,06,00,033,*7E
$GPGSV,3,3,12,07,33,046,,14,09,142,,23,00,000,,21,00,000,*76
$GPGSA,M,1,,,,,,,,,,,,,0.0,0.0,0.0*3C
$GPRMC,231715.00,V,0611.028059,N,07524.732445,W,000.0,0.0,290906,-2.4,W*64
$GPGGA,,,,,,0,,,,M,,M,,*66
$GPGLL,,,,,,*