06,-2.4,W*64
$GPGGA,,,,,,0,,,,M,,M,,*66
$GPGLL,,,,,,*50
$GPVTG,0.0,T,,,000.0,N,000.0,K*2D
$GPGSV,3,1,12,01,54,128,44,24,00,273,,09,00,159,,19,57,176,46*7F
$GPGSV,3,2,12,27,00,296,,16,31,011,43,04,00,287,,06,00,033,*7E
$GPGSV,3,3,12,07,33,046,41,14,09,142,,23,49,334,,21,00,071,*7C
$GPGSA,M,1,,,,,,,,,,,,,0.0,0.0,0.0*3C
$GPRMC,231715.00,V,0611.028059,N,07524.732445,W,000.0,0.0,290906,-2.4,W*64
$GPGGA,,,,,,0,,,,M,,M,,*66
$GPGLL,,,,,,*50
$GPVTG,0.0,T,,,000.0,N,000.0,K*2D
$GPGSV,3,1,12,01,54,128,42,24,00,273,,09,00,159,,19,57,176,45*7A
$GPGSV,3,2,12,27,00,296,,16,31,011,44,04,00,287,,06,00,033,*79
$GPGSV,3,3,12,07,33,046,43,14,09,142,,23,49,334,,21,00,071,*7E
$GPGSA,M,1,,,,,,,,,,,,,0.0,0.0,0.0*3C
$GPRMC,231715.00,V,0611.028059,N,07524.732445,W,000.0,0.0,290906,-2.4,W*64
$GPGGA,,,,,,0,,,,M,,M,,*66
$GPGLL,,,,,,*50
$GPVTG,0.0,T,,,000.0,N,000.0,K*2D
$GPGSV,3,1,12,01,54,128,42,24,00,273,,09,00,159,,19,57,176,44*7B
$GPGSV,3,2,12,27,00,296,,16,31,011,43,04,00,287,,06,00,033,*7E
$GPGSV,3,3,12,07,33,046,43,14,09,142,,23,49,334,,21,00,071,*7E
$GPGSA,M,1,,,,,,,,,,,,,0.0,0.0,0.0*3C
$GPRMC,231715.00,V,0611.028059,N,07524.732445,W,000.0,0.0,290906,-2.4,W*64
$GPGGA,,,,,,0,,,,M,,M,,*66
$GPGLL,,,,,,*50
$GPVTG,0.0,T,,,000.0,N,000.0,K*2D
$GPGSV,3,1,12,01,54,128,42,24,00,273,,09,00,159,,19,57,176,44*7B
$GPGSV,3,2,12,27,00,296,,16,31,011,43,04,00,287,,06,00,033,*7E
$GPGSV,3,3,12,07,33,046,44,14,09,142,,23,49,334,,21,00,071,*79
$GPGSA,M,1,,,,,,,,,,,,,0.0,0.0,0.0*3C
$GPRMC,231715.00,V,0611.028059,N,07524.732445,W,000.0,0.0,290906,-2.4,W*64
$GPGGA,,,,,,0,,,,M,,M,,*66
$GPGLL,,,,,,*50
$GPVTG,0.0,T,,,000.0,N,000.0,K*2D
$GPGSV,3,1,12,01,54,129,41,24,00,273,,09,00,159,,19,57,176,42*7F
$GPGSV,3,2,12,27,00,296,,16,31,011,42,04,00,287,,06,00,033,*7F
$GPGSV,3,3,12,07,33,046,42,14,09,142,,23,49,334,,21,00,071,*7F
$GPGSA,M,1,,,,,,,,,,,,,0.0,0.0,0.0*3C
$GPRMC,231715.00,V,0611.028059,N,07524.732445,W,000.0,0.0,290906,-2.4,W*64

ERROR ID=0x01;CODE=0x8009;T:3-01394-492819900;
ERROR ID=0x01;CODE=0x8009;T:3-01394-492819900;
ERROR ID=0x01;CODE=0x8009;T:3-01394