,,M,,M,,*66
$GPGLL,,,,,,*50
$GPVTG,0.0,T,,,000.0,N,000.0,K*2D
$GPGSV,3,1,12,01,53,129,,18,00,114,,26,00,184,,29,00,239,*72
$GPGSV,3,2,12,05,00,111,,20,31,257,,22,00,138,,02,00,323,*75
$GPGSV,3,3,12,07,33,046,,28,00,228,,17,00,222,,15,00,090,*74
$GPGSA,M,1,,,,,,,,,,,,,0.0,0.0,0.0*3C
$GPRMC,231715.00,V,0611.028059,N,07524.732445,W,000.0,0.0,290906,-2.4,W*64
$GPGGA,,,,,,0,,,,M,,M,,*66
$GPGLL,,,,,,*50
$GPVTG,0.0,T,,,000.0,N,000.0,K*2D
$GPGSV,3,1,12,01,53,129,,18,00,114,,26,00,184,,29,00,239,*72
$GPGSV,3,2,12,05,00,111,,20,31,257,,22,00,138,,02,00,323,*75
$GPGSV,3,3,12,07,33,046,43,28,00,228,,17,00,222,,15,00,090,*73
$GPGSA,M,1,,,,,,,,,,,,,0.0,0.0,0.0*3C
$GPRMC,231715.00,V,0611.028059,N,07524.732445,W,000.0,0.0,290906,-2.4,W*64
$GPGGA,,,,,,0,,,,M,,M,,*66
$GPGLL,,,,,,*50
$GPVTG,0.0,T,,,000.0,N,000.0,K*2D
$GPGSV,3,1,12,01,53,129,40,18,00,114,,26,00,184,,29,00,239,*76
$GPGSV,3,2,12,05,00,111,,20,31,257,,22,00,138,,02,00,323,*75
$GPGSV,3,3,12,07,33,046,43,28,00,228,,17,00,222,,15,00,090,*73
$GPGSA,M,1,,,,,,,,,,,,,0.0,0.0,0.0*3C
$GPRMC,231715.00,V,0611.028059,N,07524.732445,W,000.0,0.0,290906,-2.4,W*64
$GPGGA,,,,,,0,,,,M,,M,,*66
$GPGLL,,,,,,*50
$GPVTG,0.0,T,,,000.0,N,000.0,K*2D
$GPGSV,3,1,12,01,53,129,42,18,00,114,,26,00,184,,29,00,239,*74
$GPGSV,3,2,12,05,00,111,,20,31,257,,22,00,138,,02,00,323,*75
$GPGSV,3,3,12,07,33,046,38,28,00,228,,17,00,222,,15,00,090,*7F
$GPGSA,M,1,,,,,,,,,,,,,0.0,0.0,0.0*3C
$GPRMC,231715.00,V,0611.028059,N,07524.732445,W,000.0,0.0,290906,-2.4,W*64
$GPGGA,,,,,,0,,,,M,,M,,*66
$GPGLL,,,,,,*50
$GPVTG,0.0,T,,,000.0,N,000.0,K*2D
$GPGSV,3,1,12,01,53,129,42,18,00,114,,26,00,184,,29,00,239,*74
$GPGSV,3,2,12,05,00,111,,20,31,257,,22,00,138,,02,00,323,*75
$GPGSV,3,3,12,07,33,046,,28,00,228,,17,00,222,,15,00,090,*74
$GPGSA,M,1,,,,,,,,,,,,,0.0,0.0,0.0*3C
$GPRMC,231715.00,V,0611.028059,N,07524.732445,W,000.0,0.0,290906,-2.4,W*64
$GPGGA,,,,,,0,,,,M,,M,,*66
$GPGLL,,,,,,*50
$GPVTG,0.0,T,,,000.0,N,000.0,K*2D
$GPGSV,3,1,12,01,53,129,43,18,00,114,,26,00,184,,29,00,239,*75
$GPGSV,3,2,12,05,00,111,,20,31,257,,22,00,138,