,000.0,0.0,290906,-2.4,W*64
$GPGGA,,,,,,0,,,,M,,M,,*66
$GPGLL,,,,,,*50
$GPVTG,0.0,T,,,000.0,N,000.0,K*2D
$GPGSV,3,1,12,01,53,129,44,18,00,114,,26,00,184,,29,00,240,*7C
$GPGSV,3,2,12,05,00,111,,20,31,257,,22,00,138,,02,00,323,*75
$GPGSV,3,3,12,07,33,046,39,28,00,228,,17,00,222,,15,00,090,*7E
$GPGSA,M,1,,,,,,,,,,,,,0.0,0.0,0.0*3C
$GPRMC,231715.00,V,0611.028059,N,07524.732445,W,000.0,0.0,290906,-2.4,W*64
$GPGGA,,,,,,0,,,,M,,M,,*66
$GPGLL,,,,,,*50
$GPVTG,0.0,T,,,000.0,N,000.0,K*2D
$GPGSV,3,1,12,01,53,129,43,18,00,114,,26,00,184,,29,00,240,*7B
$GPGSV,3,2,12,05,00,111,,20,31,257,,22,00,138,,02,00,323,*75
$GPGSV,3,3,12,07,33,046,39,28,00,228,,17,00,222,,15,00,090,*7E
$GPGSA,M,1,,,,,,,,,,,,,0.0,0.0,0.0*3C
$GPRMC,231715.00,V,0611.028059,N,07524.732445,W,000.0,0.0,290906,-2.4,W*64
$GPGGA,,,,,,0,,,,M,,M,,*66
$GPGLL,,,,,,*50
$GPVTG,0.0,T,,,000.0,N,000.0,K*2D
$GPGSV,3,1,12,01,53,129,44,18,00,114,,26,00,184,,29,00,240,*7C
$GPGSV,3,2,12,05,00,111,,20,31,257,46,22,00,138,,02,00,323,*77
$GPGSV,3,3,12,07,33,046,39,28,00,228,,17,00,222,,15,00,090,*7E
$GPGSA,M,1,,,,,,,,,,,,,0.0,0.0,0.0*3C
$GPRMC,231715.00,V,0611.028059,N,07524.732445,W,000.0,0.0,290906,-2.4,W*64
$GPGGA,,,,,,0,,,,M,,M,,*66
$GPGLL,,,,,,*50
$GPVTG,0.0,T,,,000.0,N,000.0,K*2D
$GPGSV,3,1,12,01,53,129,44,18,00,114,,26,00,184,,29,00,240,*7C
$GPGSV,3,2,12,05,00,111,,20,31,257,46,22,00,138,,02,00,323,*77
$GPGSV,3,3,12,07,33,046,38,28,00,228,,17,00,222,,15,00,090,*7F
$GPGSA,M,1,,,,,,,,,,,,,0.0,0.0,0.0*3C
$GPRMC,231715.00,V,0611.028059,N,07524.732445,W,000.0,0.0,290906,-2.4,W*64
$GPGGA,,,,,,0,,,,M,,M,,*66
$GPGLL,,,,,,*50
$GPVTG,0.0,T,,,000.0,N,000.0,K*2D
$GPGSV,3,1,12,01,53,129,43,18,00,114,,26,00,184,,29,00,240,*7B
$GPGSV,3,2,12,05,00,111,,20,31,257,45,22,00,138,,02,00,323,*74
$GPGSV,3,3,12,07,32,046,38,28,00,228,,17,00,222,,15,00,090,*7E
$GPGSA,M,1,,,,,,,,,,,,,0.0,0.0,0.0*3C
$GPRMC,231715.00,V,0611.028059,N,07524.732445,W,000.0,0.0,290906,-2.4,W*64
$GPGGA,,,,,,0,,,,M,,M,,*66
$GPGLL,,,,,,*50
$GPVTG,0.0,T,,,000.0,N,000.0,K*2D
$GPGSV,3,1,12,01,53,129,44,18,00,114,,26,00,184,,29,