00,240,*7C
$GPGSV,3,2,12,05,00,111,,20,31,257,45,22,00,138,,02,00,323,*74
$GPGSV,3,3,12,07,32,046,38,28,00,228,,17,00,222,,15,00,090,*7E
$GPGSA,M,1,,,,,,,,,,,,,0.0,0.0,0.0*3C
$GPRMC,231715.00,V,0611.028059,N,07524.732445,W,000.0,0.0,290906,-2.4,W*64
$GPGGA,,,,,,0,,,,M,,M,,*66
$GPGLL,,,,,,*50
$GPVTG,0.0,T,,,000.0,N,000.0,K*2D
$GPGSV,3,1,12,01,53,129,42,18,00,114,,26,00,184,,29,00,240,*7A
$GPGSV,3,2,12,05,00,111,,20,31,257,43,22,00,138,,02,00,323,*72
$GPGSV,3,3,12,07,32,046,38,28,00,228,,17,00,222,,15,00,090,*7E
$GPGSA,M,1,,,,,,,,,,,,,0.0,0.0,0.0*3C
$GPRMC,231715.00,V,0611.028059,N,07524.732445,W,000.0,0.0,290906,-2.4,W*64
$GPGGA,,,,,,0,,,,M,,M,,*66
$GPGLL,,,,,,*50
$GPVTG,0.0,T,,,000.0,N,000.0,K*2D
$GPGSV,3,1,12,01,53,129,42,18,00,114,,26,00,184,,29,00,240,*7A
$GPGSV,3,2,12,05,00,111,,20,31,257,48,04,00,286,,02,00,323,*7B
$GPGSV,3,3,12,07,32,046,38,28,00,228,,17,00,222,,15,00,090,*7E
$GPGSA,M,1,,,,,,,,,,,,,0.0,0.0,0.0*3C
$GPRMC,231715.00,V,0611.028059,N,07524.732445,W,000.0,0.0,290906,-2.4,W*64
$GPGGA,,,,,,0,,,,M,,M,,*66
$GPGLL,,,,,,*50
$GPVTG,0.0,T,,,000.0,N,000.0,K*2D
$GPGSV,3,1,12,01,53,129,43,24,00,000,,09,00,000,,19,00,000,*75
$GPGSV,3,2,12,27,00,000,,20,31,257,45,04,00,286,,06,00,000,*71
$GPGSV,3,3,12,07,32,046,38,14,00,000,,23,00,000,,21,00,000,*72
$GPGSA,M,1,,,,,,,,,,,,,0.0,0.0,0.0*3C
$GPRMC,231715.00,V,0611.028059,N,07524.732445,W,000.0,0.0,290906,-2.4,W*64
$GPGGA,,,,,,0,,,,M,,M,,*66
$GPGLL,,,,,,*50
$GPVTG,0.0,T,,,000.0,N,000.0,K*2D
$GPGSV,3,1,12,01,53,129,42,24,00,273,,09,00,159,,19,58,176,*72
$GPGSV,3,2,12,27,00,297,,20,31,257,43,04,00,286,,06,00,033,*7B
$GPGSV,3,3,12,07,32,046,36,14,09,142,,23,50,334,,21,00,071,*75
$GPGSA,M,1,,,,,,,,,,,,,0.0,0.0,0.0*3C
$GPRMC,231715.00,V,0611.028059,N,07524.732445,W,000.0,0.0,290906,-2.4,W*64
$GPGGA,,,,,,0,,,,M,,M,,*66
$GPGLL,,,,,,*50
$GPVTG,0.0,T,,,000.0,N,000.0,K*2D
$GPGSV,3,1,12,01,53,129,43,24,00,273,,09,00,159,,19,58,176,*73
$GPGSV,3,2,12,27,00,297,,20,31,257,43,04,00,286,,06,00,033,*7B
$GPGSV,3,3,12,07,32,046,38,14,09,142,,23,50,334,,21,00,071,*7B
$GPGSA,M,1,,,,,,