T,,,000.0,N,000.0,K*2D
$GPGSV,3,1,12,01,53,129,,24,00,273,,09,00,159,,19,58,176,39*7E
$GPGSV,3,2,12,27,00,297,,20,31,257,43,04,00,286,,06,00,033,*7B
$GPGSV,3,3,12,07,32,046,39,14,09,142,,23,50,334,,21,00,071,*7A
$GPGSA,M,1,,,,,,,,,,,,,0.0,0.0,0.0*3C
$GPRMC,231715.00,V,0611.028059,N,07524.732445,W,000.0,0.0,290906,-2.4,W*64
$GPGGA,,,,,,0,,,,M,,M,,*66
$GPGLL,,,,,,*50
$GPVTG,0.0,T,,,000.0,N,000.0,K*2D
$GPGSV,3,1,12,01,53,129,37,24,00,273,,09,00,159,,19,58,176,34*77
$GPGSV,3,2,12,27,00,297,,20,31,257,46,04,00,286,,06,00,033,*7E
$GPGSV,3,3,12,07,32,046,36,14,09,142,,23,50,334,,21,00,071,*75
$GPGSA,M,1,,,,,,,,,,,,,0.0,0.0,0.0*3C
$GPRMC,231715.00,V,0611.028059,N,07524.732445,W,000.0,0.0,290906,-2.4,W*64
$GPGGA,,,,,,0,,,,M,,M,,*66
$GPGLL,,,,,,*50
$GPVTG,0.0,T,,,000.0,N,000.0,K*2D
$GPGSV,3,1,12,01,53,129,37,24,00,273,,09,00,159,,19,58,176,41*75
$GPGSV,3,2,12,27,00,297,,20,31,257,44,04,00,286,,06,00,033,*7C
$GPGSV,3,3,12,07,32,046,35,14,09,142,,23,50,334,,21,00,071,*76
$GPGSA,M,1,,,,,,,,,,,,,0.0,0.0,0.0*3C
$GPRMC,231715.00,V,0611.028059,N,07524.732445,W,000.0,0.0,290906,-2.4,W*64
$GPGGA,,,,,,0,,,,M,,M,,*66
$GPGLL,,,,,,*50
$GPVTG,0.0,T,,,000.0,N,000.0,K*2D
$GPGSV,3,1,12,01,53,129,36,24,00,273,,09,00,159,,19,58,176,44*71
$GPGSV,3,2,12,27,00,297,,20,31,257,43,04,00,286,,06,00,033,*7B
$GPGSV,3,3,12,07,32,046,36,14,09,142,,23,50,334,,21,00,071,*75
$GPGSA,M,1,,,,,,,,,,,,,0.0,0.0,0.0*3C
$GPRMC,231715.00,V,0611.028059,N,07524.732445,W,000.0,0.0,290906,-2.4,W*64
$GPGGA,,,,,,0,,,,M,,M,,*66
$GPGLL,,,,,,*50
$GPVTG,0.0,T,,,000.0,N,000.0,K*2D
$GPGSV,3,1,12,01,53,129,38,24,00,273,,09,00,159,,19,58,176,45*7E
$GPGSV,3,2,12,27,00,297,,20,31,257,44,04,00,286,,06,00,033,*7C
$GPGSV,3,3,12,07,32,046,36,14,09,142,,23,50,334,,21,00,071,*75
$GPGSA,M,1,,,,,,,,,,,,,0.0,0.0,0.0*3C
$GPRMC,231715.00,V,0611.028059,N,07524.732445,W,000.0,0.0,290906,-2.4,W*64
$GPGGA,,,,,,0,,,,M,,M,,*66
$GPGLL,,,,,,*50
$GPVTG,0.0,T,,,000.0,N,000.0,K*2D
$GPGSV,3,1,12,01,53,129,34,24,00,273,,09,00,159,,19,58,176,42*75
$GPGSV,3,2,12,27,00,297,,20,31,257,42,04,00,286,,06,00,03