59,N,07524.732445,W,000.0,0.0,290906,-2.4,W*64
$GPGGA,,,,,,0,,,,M,,M,,*66
$GPGLL,,,,,,*50
$GPVTG,0.0,T,,,000.0,N,000.0,K*2D
$GPGSV,3,1,12,01,53,129,47,24,00,273,,09,00,159,,19,58,176,49*7A
$GPGSV,3,2,12,27,00,297,,20,31,257,45,04,00,286,,06,00,033,*7D
$GPGSV,3,3,12,16,31,011,,14,09,142,,23,50,334,40,21,00,071,*75
$GPGSA,M,1,,,,,,,,,,,,,0.0,0.0,0.0*3C
$GPRMC,231715.00,V,0611.028059,N,07524.732445,W,000.0,0.0,290906,-2.4,W*64
$GPGGA,,,,,,0,,,,M,,M,,*66
$GPGLL,,,,,,*50
$GPVTG,0.0,T,,,000.0,N,000.0,K*2D
$GPGSV,3,1,12,01,53,129,45,24,00,273,,09,00,159,,19,58,176,48*79
$GPGSV,3,2,12,27,00,297,,20,31,257,42,04,00,286,,06,00,033,*7A
$GPGSV,3,3,12,16,31,011,,14,09,142,,23,50,334,42,21,00,071,*77
$GPGSA,M,1,,,,,,,,,,,,,0.0,0.0,0.0*3C
$GPRMC,231715.00,V,0611.028059,N,07524.732445,W,000.0,0.0,290906,-2.4,W*64
$GPGGA,,,,,,0,,,,M,,M,,*66
$GPGLL,,,,,,*50
$GPVTG,0.0,T,,,000.0,N,000.0,K*2D
$GPGSV,3,1,12,01,53,129,44,24,00,273,,09,00,159,,19,58,176,46*76
$GPGSV,3,2,12,27,00,297,,20,31,257,44,04,00,286,,06,00,033,*7C
$GPGSV,3,3,12,16,31,011,,14,09,142,,23,50,334,38,21,00,070,*7B
$GPGSA,M,1,,,,,,,,,,,,,0.0,0.0,0.0*3C
$GPRMC,231715.00,V,0611.028059,N,07524.732445,W,000.0,0.0,290906,-2.4,W*64
$GPGGA,,,,,,0,,,,M,,M,,*66
$GPGLL,,,,,,*50
$GPVTG,0.0,T,,,000.0,N,000.0,K*2D
$GPGSV,3,1,12,01,53,129,43,24,00,273,,09,00,159,,19,58,176,47*70
$GPGSV,3,2,12,27,00,297,,08,00,000,,04,00,286,,06,00,033,*74
$GPGSV,3,3,12,16,31,011,,14,09,142,,23,50,334,38,21,00,070,*7B
$GPGSA,M,1,,,,,,,,,,,,,0.0,0.0,0.0*3C
$GPRMC,231715.00,V,0611.028059,N,07524.732445,W,000.0,0.0,290906,-2.4,W*64
$GPGGA,,,,,,0,,,,M,,M,,*66
$GPGLL,,,,,,*50
$GPVTG,0.0,T,,,000.0,N,000.0,K*2D
$GPGSV,3,1,12,01,53,129,44,24,00,273,,09,00,159,,19,58,176,48*78
$GPGSV,3,2,12,27,00,297,,08,00,275,,04,00,286,,06,00,033,*74
$GPGSV,3,3,12,16,31,011,39,14,09,142,,23,50,334,35,21,00,070,*7C
$GPGSA,M,1,,,,,,,,,,,,,0.0,0.0,0.0*3C
$GPRMC,231715.00,V,0611.028059,N,07524.732445,W,000.0,0.0,290906,-2.4,W*64
$GPGGA,,,,,,0,,,,M,,M,,*66
$GPGLL,,,,,,*50
$GPVTG,0.0,T,,,000.0,N,000.0,K*2D
$GPGSV,3,1,12,01,53,1