29,44,24,00,273,,09,00,159,,19,58,176,47*77
$GPGSV,3,2,12,27,00,297,,08,00,275,,04,00,286,,06,00,033,*74
$GPGSV,3,3,12,16,31,011,40,14,09,142,,23,50,334,39,21,00,070,*7E
$GPGSA,M,1,,,,,,,,,,,,,0.0,0.0,0.0*3C
$GPRMC,231715.00,V,0611.028059,N,07524.732445,W,000.0,0.0,290906,-2.4,W*64
$GPGGA,,,,,,0,,,,M,,M,,*66
$GPGLL,,,,,,*50
$GPVTG,0.0,T,,,000.0,N,000.0,K*2D
$GPGSV,3,1,12,01,53,129,44,24,00,273,,09,00,159,,19,58,176,48*78
$GPGSV,3,2,12,27,00,297,,08,00,275,,10,00,000,,11,00,000,*7B
$GPGSV,3,3,12,16,31,011,41,14,09,142,,23,50,334,40,21,00,070,*71
$GPGSA,M,1,,,,,,,,,,,,,0.0,0.0,0.0*3C
$GPRMC,231715.00,V,0611.028059,N,07524.732445,W,000.0,0.0,290906,-2.4,W*64
$GPGGA,,,,,,0,,,,M,,M,,*66
$GPGLL,,,,,,*50
$GPVTG,0.0,T,,,000.0,N,000.0,K*2D
$GPGSV,3,1,12,01,53,129,45,13,00,000,,30,00,000,,19,58,176,48*7C
$GPGSV,3,2,12,18,00,000,,08,00,275,,10,00,359,,11,09,207,*78
$GPGSV,3,3,12,16,31,011,43,26,00,000,,23,50,334,42,29,00,000,*71
$GPGSA,M,1,,,,,,,,,,,,,0.0,0.0,0.0*3C
$GPRMC,231715.00,V,0611.028059,N,07524.732445,W,000.0,0.0,290906,-2.4,W*64
$GPGGA,,,,,,0,,,,M,,M,,*66
$GPGLL,,,,,,*50
$GPVTG,0.0,T,,,000.0,N,000.0,K*2D
$GPGSV,3,1,12,01,53,129,46,13,05,327,,30,00,072,,19,58,176,48*79
$GPGSV,3,2,12,18,00,114,,08,00,275,,10,00,359,,11,09,207,*7C
$GPGSV,3,3,12,16,31,011,40,26,00,000,,23,50,334,41,29,00,000,*71
$GPGSA,M,1,,,,,,,,,,,,,0.0,0.0,0.0*3C
$GPRMC,231715.00,V,0611.028059,N,07524.732445,W,000.0,0.0,290906,-2.4,W*64
$GPGGA,,,,,,0,,,,M,,M,,*66
$GPGLL,,,,,,*50
$GPVTG,0.0,T,,,000.0,N,000.0,K*2D
$GPGSV,3,1,12,01,53,129,44,13,05,327,,30,00,072,,19,58,176,46*75
$GPGSV,3,2,12,18,00,114,,08,00,275,,10,00,359,,11,09,207,*7C
$GPGSV,3,3,12,16,31,011,42,26,00,185,,23,50,334,38,29,00,242,*75
$GPGSA,M,1,,,,,,,,,,,,,0.0,0.0,0.0*3C
$GPRMC,231715.00,V,0611.028059,N,07524.732445,W,000.0,0.0,290906,-2.4,W*64
$GPGGA,,,,,,0,,,,M,,M,,*66
$GPGLL,,,,,,*50
$GPVTG,0.0,T,,,000.0,N,000.0,K*2D
$GPGSV,3,1,12,01,53,129,44,13,05,327,,30,00,072,,19,58,176,47*74
$GPGSV,3,2,12,18,00,114,,08,00,275,,10,00,359,,11,09,207,*7C
$GPGSV,3,3,12,16,31,011,43,26,00,185,,