23,50,334,35,29,00,242,*79
$GPGSA,M,1,,,,,,,,,,,,,0.0,0.0,0.0*3C
$GPRMC,231715.00,V,0611.028059,N,07524.732445,W,000.0,0.0,290906,-2.4,W*64
$GPGGA,,,,,,0,,,,M,,M,,*66
$GPGLL,,,,,,*50
$GPVTG,0.0,T,,,000.0,N,000.0,K*2D
$GPGSV,3,1,12,01,53,129,45,13,05,327,,30,00,072,,19,58,176,48*7A
$GPGSV,3,2,12,18,00,114,,08,00,275,,10,00,359,,11,09,207,*7C
$GPGSV,3,3,12,16,31,011,43,26,00,185,,23,50,334,39,29,00,242,*75
$GPGSA,M,1,,,,,,,,,,,,,0.0,0.0,0.0*3C
$GPRMC,231715.00,V,0611.028059,N,07524.732445,W,000.0,0.0,290906,-2.4,W*64
$GPGGA,,,,,,0,,,,M,,M,,*66
$GPGLL,,,,,,*50
$GPVTG,0.0,T,,,000.0,N,000.0,K*2D
$GPGSV,3,1,12,01,53,129,45,13,05,327,,30,00,072,,19,58,176,48*7A
$GPGSV,3,2,12,18,00,114,,08,00,275,,10,00,359,,11,09,207,*7C
$GPGSV,3,3,12,16,31,011,43,26,00,185,,23,50,334,39,29,00,242,*75
$GPGSA,M,1,,,,,,,,,,,,,0.0,0.0,0.0*3C
$GPRMC,231715.00,V,0611.028059,N,07524.732445,W,000.0,0.0,290906,-2.4,W*64
$GPGGA,,,,,,0,,,,M,,M,,*66
$GPGLL,,,,,,*50
$GPVTG,0.0,T,,,000.0,N,000.0,K*2D
$GPGSV,3,1,12,01,53,129,45,13,05,327,,30,00,072,,19,58,176,47*75
$GPGSV,3,2,12,18,00,114,,08,00,275,,10,00,359,,11,09,207,*7C
$GPGSV,3,3,12,16,31,011,42,26,00,185,,23,50,334,41,29,00,242,*7B
$GPGSA,M,1,,,,,,,,,,,,,0.0,0.0,0.0*3C
$GPRMC,231715.00,V,0611.028059,N,07524.732445,W,000.0,0.0,290906,-2.4,W*64
$GPGGA,,,,,,0,,,,M,,M,,*66
$GPGLL,,,,,,*50
$GPVTG,0.0,T,,,000.0,N,000.0,K*2D
$GPGSV,3,1,12,01,53,129,44,13,05,327,,30,00,072,,19,58,176,47*74
$GPGSV,3,2,12,18,00,114,,08,00,275,,10,00,359,,11,09,207,*7C
$GPGSV,3,3,12,16,31,011,43,26,00,185,,23,50,334,40,29,00,242,*7B
$GPGSA,M,1,,,,,,,,,,,,,0.0,0.0,0.0*3C
$GPRMC,231715.00,V,0611.028059,N,07524.732445,W,000.0,0.0,290906,-2.4,W*64
$GPGGA,,,,,,0,,,,M,,M,,*66
$GPGLL,,,,,,*50
$GPVTG,0.0,T,,,000.0,N,000.0,K*2D
$GPGSV,3,1,12,01,53,129,45,13,05,327,,30,00,072,,19,58,176,47*75
$GPGSV,3,2,12,18,00,114,,08,00,275,,10,00,359,,11,09,207,*7C
$GPGSV,3,3,12,16,31,012,44,26,00,185,,23,50,334,40,29,00,242,*7F
$GPGSA,M,1,,,,,,,,,,,,,0.0,0.0,0.0*3C
$GPRMC,231715.00,V,0611.028059,N,07524.732445,W,000.0,0.0,290906,-2.4,W*64
$GP