SV,3,2,12,18,00,114,,08,00,275,,10,00,359,,11,09,207,*7C
$GPGSV,3,3,12,16,31,012,48,26,00,185,,23,50,334,44,29,00,243,*76
$GPGSA,M,1,,,,,,,,,,,,,0.0,0.0,0.0*3C
$GPRMC,231715.00,V,0611.028059,N,07524.732445,W,000.0,0.0,290906,-2.4,W*64
$GPGGA,,,,,,0,,,,M,,M,,*66
$GPGLL,,,,,,*50
$GPVTG,0.0,T,,,000.0,N,000.0,K*2D
$GPGSV,3,1,12,01,53,129,44,13,05,327,,30,00,072,,19,58,176,40*73
$GPGSV,3,2,12,18,00,114,,08,00,275,,10,00,359,,11,09,207,*7C
$GPGSV,3,3,12,16,31,012,45,26,00,185,,23,50,334,48,29,00,243,*77
$GPGSA,M,1,,,,,,,,,,,,,0.0,0.0,0.0*3C
$GPRMC,231715.00,V,0611.028059,N,07524.732445,W,000.0,0.0,290906,-2.4,W*64
$GPGGA,,,,,,0,,,,M,,M,,*66
$GPGLL,,,,,,*50
$GPVTG,0.0,T,,,000.0,N,000.0,K*2D
$GPGSV,3,1,12,01,53,129,42,13,05,327,,30,00,072,,19,58,176,41*74
$GPGSV,3,2,12,18,00,114,,08,00,275,,10,00,359,,11,09,207,*7C
$GPGSV,3,3,12,16,31,012,48,26,00,185,,23,50,334,47,29,00,243,*75
$GPGSA,M,1,,,,,,,,,,,,,0.0,0.0,0.0*3C
$GPRMC,231715.00,V,0611.028059,N,07524.732445,W,000.0,0.0,290906,-2.4,W*64
$GPGGA,,,,,,0,,,,M,,M,,*66
$GPGLL,,,,,,*50
$GPVTG,0.0,T,,,000.0,N,000.0,K*2D
$GPGSV,3,1,12,01,53,129,40,13,05,327,,30,00,072,,19,58,176,45*72
$GPGSV,3,2,12,18,00,114,,08,00,275,,10,00,359,,11,09,207,*7C
$GPGSV,3,3,12,16,31,012,46,26,00,185,,23,50,334,46,29,00,243,*7A
$GPGSA,M,1,,,,,,,,,,,,,0.0,0.0,0.0*3C
$GPRMC,231715.00,V,0611.028059,N,07524.732445,W,000.0,0.0,290906,-2.4,W*64
$GPGGA,,,,,,0,,,,M,,M,,*66
$GPGLL,,,,,,*50
$GPVTG,0.0,T,,,000.0,N,000.0,K*2D
$GPGSV,3,1,12,01,53,130,39,13,05,327,,30,00,073,,19,58,176,40*70
$GPGSV,3,2,12,18,00,114,,08,00,275,,10,00,359,,11,09,207,*7C
$GPGSV,3,3,12,16,31,012,43,26,00,185,,23,50,334,43,29,00,243,*7A
$GPGSA,M,1,,,,,,,,,,,,,0.0,0.0,0.0*3C
$GPRMC,231715.00,V,0611.028059,N,07524.732445,W,000.0,0.0,290906,-2.4,W*64
$GPGGA,,,,,,0,,,,M,,M,,*66
$GPGLL,,,,,,*50
$GPVTG,0.0,T,,,000.0,N,000.0,K*2D
$GPGSV,3,1,12,01,53,130,37,13,05,327,,30,00,073,,19,58,176,37*7E
$GPGSV,3,2,12,18,00,114,,08,00,275,,10,00,359,,11,09,207,*7C
$GPGSV,3,3,12,16,31,012,43,26,00,185,,23,50,334,42,29,00,243,*7B
$GPGSA,M,1,,,,,,,,,,,