
$GPGGA,,,,,,0,,,,M,,M,,*66
$GPGLL,,,,,,*50
$GPVTG,0.0,T,,,000.0,N,000.0,K*2D
$GPGSV,3,1,12,01,53,130,,18,00,113,,26,00,185,,29,00,245,*77
$GPGSV,3,2,12,05,00,112,,20,31,256,,22,00,137,,02,00,323,*78
$GPGSV,3,3,12,07,32,045,,28,00,229,,17,00,222,,15,00,090,*77
$GPGSA,M,1,,,,,,,,,,,,,0.0,0.0,0.0*3C
$GPRMC,231715.00,V,0611.028059,N,07524.732445,W,000.0,0.0,290906,-2.4,W*64
$GPGGA,,,,,,0,,,,M,,M,,*66
$GPGLL,,,,,,*50
$GPVTG,0.0,T,,,000.0,N,000.0,K*2D
$GPGSV,3,1,12,01,53,130,,18,00,113,,26,00,185,,29,00,245,*77
$GPGSV,3,2,12,05,00,112,,20,31,256,,22,00,137,,02,00,323,*78
$GPGSV,3,3,12,07,32,045,,28,00,229,,17,00,222,,15,00,090,*77
$GPGSA,M,1,,,,,,,,,,,,,0.0,0.0,0.0*3C
$GPRMC,231715.00,V,0611.028059,N,07524.732445,W,000.0,0.0,290906,-2.4,W*64
$GPGGA,,,,,,0,,,,M,,M,,*66
$GPGLL,,,,,,*50
$GPVTG,0.0,T,,,000.0,N,000.0,K*2D
$GPGSV,3,1,12,01,53,130,,18,00,113,,26,00,185,,29,00,245,*77
$GPGSV,3,2,12,05,00,112,,20,31,256,,22,00,137,,02,00,323,*78
$GPGSV,3,3,12,07,32,045,,28,00,229,,17,00,222,,15,00,090,*77
$GPGSA,M,1,,,,,,,,,,,,,0.0,0.0,0.0*3C
$GPRMC,231715.00,V,0611.028059,N,07524.732445,W,000.0,0.0,290906,-2.4,W*64
$GPGGA,,,,,,0,,,,M,,M,,*66
$GPGLL,,,,,,*50
$GPVTG,0.0,T,,,000.0,N,000.0,K*2D
$GPGSV,3,1,12,01,53,130,,18,00,113,,26,00,185,,29,00,245,*77
$GPGSV,3,2,12,05,00,112,,20,31,256,,22,00,137,,02,00,323,*78
$GPGSV,3,3,12,07,32,045,,28,00,229,,17,00,222,,15,00,090,*77
$GPGSA,M,1,,,,,,,,,,,,,0.0,0.0,0.0*3C
$GPRMC,231715.00,V,0611.028059,N,07524.732445,W,000.0,0.0,290906,-2.4,W*64
$GPGGA,,,,,,0,,,,M,,M,,*66
$GPGLL,,,,,,*50
$GPVTG,0.0,T,,,000.0,N,000.0,K*2D
$GPGSV,3,1,12,01,53,130,,18,00,113,,26,00,185,,29,00,245,*77
$GPGSV,3,2,12,05,00,112,,20,31,256,,22,00,137,,02,00,323,*78
$GPGSV,3,3,12,07,32,045,,28,00,229,,17,00,222,,15,00,090,*77
$GPGSA,M,1,,,,,,,,,,,,,0.0,0.0,0.0*3C
$GPRMC,231715.00,V,0611.028059,N,07524.732445,W,000.0,0.0,290906,-2.4,W*64
$GPGGA,,,,,,0,,,,M,,M,,*66
$GPGLL,,,,,,*50
$GPVTG,0.0,T,,,000.0,N,000.0,K*2D
$GPGSV,3,1,12,01,53,130,,18,00,113,,26,00,185,,29,00,246,*74
$GPGSV,3,2,12,05,00,112,,20,31,256,,22,00,13